Accuracy review.





Initial 2024-12-25


Index  Body     Mass(kg)   Radius(m)  PosX(m)      PosY(m)      PosZ(m)      VelX(m/s)    VelY(m/s)    VelZ(m/s)   
----------------------------------------------------------------------
0      Sun      1.99e+30   696340000  -8.7541e+08  -7.2502e+08  2.7150e+07   1.228e+01    -6.714e+00   -1.995e-01  
1      Mercury  3.30e+23   2440000    -3.1153e+10  3.7479e+10   5.9263e+09   -4.801e+04   -2.835e+04   2.089e+03   
2      Venus    4.87e+24   6052000    9.8136e+10   4.3177e+10   -5.0829e+09  -1.430e+04   3.185e+04    1.263e+03   
3      Earth    5.97e+24   6371000    1.6673e+10   1.4546e+11   1.8424e+07   -3.004e+04   3.429e+03    -5.463e-01  
4      Moon     7.34e+22   1737000    1.6749e+10   1.4582e+11   4.9611e+07   -3.107e+04   3.682e+03    2.581e+01   
5      Mars     6.42e+23   3390000    -4.5899e+10  2.3356e+11   6.0408e+09   -2.287e+04   -2.520e+03   5.082e+02   
6      Jupiter  1.90e+27   69911000   1.7606e+11   7.3786e+11   -6.9996e+09  -1.286e+04   3.655e+03    2.725e+02   
7      Saturn   5.68e+26   58232000   1.4126e+12   -2.7862e+11  -5.1399e+10  1.332e+03    9.456e+03    -2.168e+02  
8      Uranus   8.68e+25   25362000   1.6685e+12   2.4017e+12   -1.2696e+10  -5.643e+03   3.568e+03    8.616e+01   
9      Neptune  1.02e+26   24622000   4.4690e+12   -1.0364e+11  -1.0086e+11  8.988e+01    5.465e+03    -1.151e+02 



Figures after one year







Index  Body     Mass(kg)   Radius(m)  PosX(m)      PosY(m)      PosZ(m)      VelX(m/s)    VelY(m/s)    VelZ(m/s)   
----------------------------------------------------------------------
0      Sun      1.99e+30   696340000  -4.7717e+08  -8.2805e+08  2.0045e+07   1.250e+01    3.160e-02    -2.350e-01  
1      Mercury  3.30e+23   2440000    -5.9496e+10  -1.0360e+10  4.6542e+09   -2.347e+03   -4.601e+04   -3.544e+03  
2      Venus    4.87e+24   6052000    -3.7361e+10  -1.0292e+11  7.4567e+08   3.271e+04    -1.205e+04   -2.053e+03  
3      Earth    5.97e+24   6371000    1.7651e+10   1.4531e+11   1.1530e+07   -3.004e+04   3.565e+03    4.564e-01   
4      Moon     7.34e+22   1737000    1.7294e+10   1.4512e+11   -1.3508e+07  -2.961e+04   2.696e+03    -6.103e+01  
5      Mars     6.42e+23   3390000    1.4084e+10   -2.1678e+11  -4.8625e+09  2.511e+04    3.713e+03    -5.378e+02  
6      Jupiter  1.90e+27   69911000   -2.3542e+11  7.4164e+11   2.1931e+09   -1.261e+04   -3.334e+03   2.960e+02   
7      Saturn   5.68e+26   58232000   1.4229e+12   2.3537e+10   -5.7043e+10  -6.935e+02   9.636e+03    -1.394e+02  
8      Uranus   8.68e+25   25362000   1.4863e+12   2.5078e+12   -9.9477e+09  -5.908e+03   3.155e+03    8.806e+01   
9      Neptune  1.02e+26   24622000   4.4685e+12   6.8751e+10   -1.0441e+11  -1.197e+02   5.466e+03    -1.103e+02 





Downloaded data for 2025-12-15





Index  Body     Mass(kg)   Radius(m)  PosX(m)      PosY(m)      PosZ(m)      VelX(m/s)    VelY(m/s)    VelZ(m/s)   
----------------------------------------------------------------------
0      Sun      1.99e+30   696340000  -4.7717e+08  -8.2803e+08  2.0045e+07   1.250e+01    3.345e-02    -2.350e-01  
1      Mercury  3.30e+23   2440000    -5.9491e+10  -1.0072e+10  4.6773e+09   -2.577e+03   -4.603e+04   -3.525e+03  
2      Venus    4.87e+24   6052000    -3.7478e+10  -1.0288e+11  7.5294e+08   3.270e+04    -1.209e+04   -2.052e+03  
3      Earth    5.97e+24   6371000    1.7739e+10   1.4530e+11   1.1531e+07   -3.004e+04   3.583e+03    4.537e-01   
4      Moon     7.34e+22   1737000    1.7382e+10   1.4511e+11   -1.3566e+07  -2.961e+04   2.716e+03    -6.086e+01  
5      Mars     6.42e+23   3390000    1.4001e+10   -2.1681e+11  -4.8611e+09  2.510e+04    3.704e+03    -5.379e+02  
6      Jupiter  1.90e+27   69911000   -2.3543e+11  7.4164e+11   2.1926e+09   -1.261e+04   -3.333e+03   2.960e+02   
7      Saturn   5.68e+26   58232000   1.4229e+12   2.3576e+10   -5.7064e+10  -6.943e+02   9.637e+03    -1.395e+02  
8      Uranus   8.68e+25   25362000   1.4863e+12   2.5078e+12   -9.9415e+09  -5.908e+03   3.155e+03    8.823e+01   
9      Neptune  1.02e+26   24622000   4.4685e+12   6.8775e+10   -1.0440e+11  -1.201e+02   5.466e+03    -1.099e+02
